0 0.231977103960396 0.8809560643564356 0.027846534653465344 0.01701732673267331
0 0.3880337252475248 0.8088258044554455 0.022045173267326745 0.02049814356435642
0 0.5435102103960396 0.8355120668316831 0.03210086633663367 0.02049814356435642
0 0.4485612623762376 0.7256729579207921 0.03635519801980197 0.028233292079207883
0 0.31745049504950495 0.7247060643564356 0.020884900990098987 0.020884900990098987
0 0.6142868193069306 0.7272199876237624 0.0305538366336634 0.019724628712871284
0 0.2963722153465347 0.6195080445544554 0.022045173267326745 0.016243811881188175
0 0.7210318688118812 0.6570235148514851 0.048344678217821846 0.03712871287128716
0 0.6918316831683169 0.43463799504950495 0.044863861386138626 0.019337871287128716
0 0.548538056930693 0.42883663366336633 0.019724628712871284 0.010055693069306981
0 0.5048344678217822 0.4779548267326733 0.02359220297029707 0.017017326732673255
0 0.5181775990099009 0.576771349009901 0.02011138613861385 0.01198948019801982
0 0.4185875618811881 0.5721302599009901 0.017404084158415878 0.011215965346534684
0 0.7378558168316831 0.559173886138614 0.0317141089108911 0.02011138613861385
0 0.5333234597156398 0.7141340837282779 0.007713763823064879 0.007713763823064768
0 0.5607844589257504 0.9353648301737756 0.007096662717219537 0.010182168246445467
0 0.6712455568720379 0.955420616113744 0.007096662717219648 0.009565067140600347
0 0.5786803909952607 0.2705926639020537 0.03239780805687198 0.015427527646129535
0 0.44399807464454977 0.3215035051342812 0.024684044233807267 0.012959123222748836
0 0.29604808451816744 0.15874308846761453 0.007096662717219593 0.00833086492890997
0 0.8910307738919667 0.7714627337257618 0.011361668975069183 0.010820637119113519
0 0.7180358379501386 0.7902635907202216 0.007303930055401753 0.006762898199445977
0 0.811922315140845 0.0176056338028169 0.010728433098591506 0.02090669014084507
0 0.34702354753521125 0.3851232394366197 0.009077904929577496 0.0099031690140845
0 0.166565801056338 0.009765625 0.010728433098591533 0.007977552816901408
0 0.27886864973262027 0.2882687165775401 0.006266711229946542 0.00974821746880572
